13308 3800
11706 11707 652165
3364 5114 105860
2631 9752 377780
3230 5780 646761
11728 4956 173271
10110 4929 356577
4174 7626 968393
12959 7517 26175
1035 3373 716897
6022 6025 113375
8875 8723 580195
3521 2540 527397
2494 8944 622652
2398 12781 656334
1109 11503 999895
1087 7407 838284
2815 5303 726622
2683 7938 616253
6100 4083 864748
5046 7036 67692
4679 382 66184
7347 11488 680403
4105 12885 366192
3260 3061 332241
8880 11926 154024
822 4429 396023
7661 3870 329547
8738 1363 8408
5042 5037 694781
11622 12839 564403
3784 525 173862
4152 322 388672
12789 13117 964645
4682 1047 220793
583 8473 372624
1802 3588 146171
6954 5841 329166
9589 11565 867471
11411 1433 94524
12212 11606 370299
11738 506 836708
3197 6835 876839
977 12032 261410
667 4416 556421
8177 3770 550534
7133 2283 624877
1527 12374 991828
7594 2551 256717
11358 5615 907701
2827 5674 767721
4050 8637 29289
2293 10310 223218
10241 1920 833704
9279 10529 471542
4662 10753 936504
3131 2233 877245
1024 12490 99550
6068 9396 228889
10189 5513 184597
1147 5325 325290
12639 889 293939
12103 12785 670428
1132 7337 384242
897 10256 690817
2531 5791 714203
3586 2689 610168
11730 8600 559190
7132 1362 748162
3339 12608 73900
6096 1026 861930
9959 4579 278839
3096 10901 318068
6144 8362 640185
9972 11932 143242
4996 6369 714761
6070 8271 641845
12347 2197 220454
2935 8536 791549
11689 2114 647982
5636 5847 391738
9337 2184 84107
3656 7239 744202
10540 535 8827
1373 4681 58555
1915 7188 331799
10643 1725 264250
8559 11229 300530
11363 3443 21830
12766 7234 721111
211 4681 290051
802 4720 996857
9474 11414 101458
2139 4543 859861
4248 9114 259621
10350 10987 629045
5660 1189 726769
2741 8841 612554
10047 9337 249365
10928 9623 286990
9824 9712 20663
9262 667 168308
7180 1146 534873
13023 8299 585745
5308 5484 166819
1157 7503 57839
1966 3711 839219
3923 5685 359168
4426 4827 968081
11929 1063 627669
1153 8465 507327
8206 680 612642
7487 7489 365747
5481 9588 589195
5224 147 274822
12914 4157 626696
13222 7882 567737
5867 567 255026
1813 234 781739
10280 7789 82943
7306 2946 974268
3210 165 713492
8647 2570 728705
2925 375 521310
7442 8253 992908
10239 3758 792224
8014 9021 514561
1416 841 193
9614 6000 232555
12535 6221 465101
8240 6106 290214
6015 12913 388029
6055 7001 932906
11847 12169 861906
10348 9645 146570
11720 4857 48687
1603 3111 316639
10652 494 134791
4553 4486 242715
1382 7870 906990
7472 3965 195390
8085 12919 34762
8385 6095 241534
949 10098 427972
11338 1295 322135
13273 5095 82406
6812 2216 355672
6275 6518 780040
8040 10818 651951
1386 412 634479
7392 5765 441385
1968 3477 694375
9249 831 216377
12045 183 847126
1793 7287 316215
9007 8790 596826
247 11093 206529
11719 12015 529456
11502 5329 485248
1574 1528 627462
2433 2068 841457
7395 7433 26413
2202 12153 33642
5267 338 614248
7620 3885 290199
5853 11482 327892
10845 13094 995186
3213 5994 447668
11205 12833 729172
7972 10231 814594
108 11699 839975
602 6558 618859
7863 4028 385672
7260 4187 570204
588 8606 261360
3637 10975 937516
1547 8104 900965
2560 4961 5414
4056 2116 326967
9699 11548 523561
4842 4494 316072
12833 8275 687351
6764 8762 95189
9410 11855 102542
11467 10815 800069
1088 335 354586
672 2873 906535
2677 10353 766706
10780 3715 983404
9496 1698 645840
4118 1394 481142
7676 6946 515662
3444 9502 238989
13288 11399 418334
1363 11616 438942
131 9389 406128
3025 13250 885061
3065 1458 697776
8126 11483 122716
7107 5290 907481
10799 12567 164645
5483 3043 982887
3485 8615 706596
7383 64 25645
5034 3709 645773
156 6112 22755
2392 424 181493
8202 9263 251060
3911 2644 610338
11453 12280 115557
7894 6615 479701
1983 6512 23765
11946 7508 651533
12806 2148 947386
8770 5249 554828
3459 10804 224056
9801 10455 705295
8592 7376 405075
8054 7128 928335
9961 876 737837
6668 8734 789905
9416 7618 362892
561 10383 540314
3466 6477 405670
12884 12302 532111
679 1202 420056
308 12791 27444
11802 10300 572306
11138 4025 661268
330 2758 971050
4748 1909 14539
96 9762 528966
3902 3177 451157
7866 6478 914042
12563 10753 204099
5675 10155 505283
6346 4654 103824
4617 2287 892303
3919 9536 227243
6426 9600 314941
1406 7051 568255
10134 10690 422901
1145 3005 837326
2674 8098 725242
8623 2255 281875
6535 11496 809328
4539 8042 684626
7335 12721 381787
3850 8234 292583
3857 3183 327430
3109 3596 383471
7552 2159 244811
9510 12869 113464
7693 971 143748
109 7926 52610
3643 11326 255940
5645 5380 727609
9829 3591 545824
10500 3236 51401
8363 3814 940641
603 10443 87736
1056 573 354193
11045 8982 430906
10466 3352 713854
10046 6817 694339
8548 6886 301342
5340 9021 561707
11974 169 501445
6804 4917 315733
3233 6947 714483
4871 11927 838259
4740 13188 604319
5545 11769 338116
7466 760 887815
11254 12145 16258
10328 4793 24074
3880 10744 831594
10477 12290 244555
9879 11911 193042
12448 6197 428233
10766 4841 78601
6302 7480 877403
4600 6554 581319
7298 10685 552076
5377 7181 930448
8637 3989 945773
3792 12968 742530
4837 8640 596168
8883 9219 184510
100 1858 822425
5866 11297 90249
4826 6617 769862
6611 9259 553019
1537 9206 798617
3251 2016 39005
11751 6734 252870
12913 10380 419014
6292 2166 726050
5247 3857 850764
9775 3218 967481
13088 11467 876275
10564 8132 62743
4457 8926 992297
4515 5182 510798
2319 2860 380683
2881 9380 938448
4766 4557 220517
6209 11758 343908
13167 7538 292880
12431 11456 960110
9906 2296 529164
4134 13161 105715
6172 3437 60819
5037 5649 720019
5880 4803 177212
13216 6606 274196
11394 12254 79818
7018 4176 965514
903 5551 543550
12200 4960 127306
10140 4462 472784
7238 8341 1300
4135 3668 990854
3092 7248 302314
277 4234 265257
8863 10431 927636
11438 3057 864074
8432 5420 809970
2415 496 823740
7564 7630 550572
9907 1663 849720
1820 6477 264619
11713 5804 833679
10876 12338 983121
13006 12965 734304
152 5860 614310
10378 7743 693483
5986 9796 659518
5561 2704 478974
10126 7761 580018
1446 10826 241552
7887 3238 603699
7166 6548 323640
670 4095 238576
10092 5837 120972
9571 5323 344848
7524 8686 495562
5683 12514 764370
3504 4076 621520
8621 4752 275723
5246 7926 967335
3873 6869 379430
6749 10553 519099
299 940 67832
8831 4847 801466
9710 8701 275671
699 1012 710277
11070 6578 676508
11470 6240 730379
10098 11114 652617
5443 9520 863706
114 8990 603821
6523 24 746495
10100 3094 658380
12389 6385 886288
8962 7511 269809
2930 7449 161377
3009 1522 219906
9683 12764 117320
7103 12666 187665
7524 10551 982758
1197 6496 49449
310 704 391825
12485 13104 267560
1867 7990 831956
6455 1201 488584
12870 11013 90167
5886 7529 662564
11684 10974 477084
6942 3507 465869
5031 4861 843597
10559 82 437019
2618 3588 837124
2245 3848 52544
5268 5980 477740
10220 3659 672124
6074 3000 635061
2518 8926 475237
2409 987 781472
7248 3068 815788
3697 3276 997046
10353 10605 496030
9508 10186 332042
5502 10618 377578
8118 11750 430606
4404 12906 2146
12456 2040 154672
2488 3724 665131
11693 7665 308066
6049 6592 315279
10914 8849 367947
5347 10793 723022
2351 8429 491995
7197 3118 316412
4978 6929 728239
8616 2803 863344
4700 12166 336613
986 4279 394307
2123 9493 730488
8807 396 260884
3246 1079 554198
634 11012 88795
8302 7535 344360
7855 11233 228905
983 3844 497083
12964 5263 608620
2618 3380 83696
12090 7145 388033
8 8664 254529
6513 7161 675658
11454 7300 933086
863 11710 713093
9638 11526 339147
7095 10160 644194
3190 13254 221502
9105 4894 958415
10644 7385 879764
3683 7218 209799
3647 7160 850240
2035 7717 193239
9805 3664 43568
5426 1338 700122
11194 12817 942107
3894 2357 290524
1150 11418 484055
4972 2333 280173
8947 10642 501469
9347 105 15254
993 2261 841165
12394 7884 85997
4210 5117 47645
10142 12671 284191
11979 12212 149671
12468 5662 193675
10570 3060 300611
1122 10554 490752
8559 4559 625803
6749 2183 653787
4407 6327 111389
48 1817 903857
12020 7204 856831
8838 216 621877
105 5469 762954
1371 4897 597676
11664 6431 640702
5918 9404 398542
2096 7100 770667
10061 4167 326187
8135 4701 463802
8577 7340 411649
1816 1252 108155
10973 7038 138844
10006 5251 269227
9815 10546 33208
12131 8978 747130
9017 13288 101061
13107 11935 839270
12996 11590 6341
6946 2955 159293
6542 11117 903888
1891 4437 920373
12651 6556 707817
6613 11221 373856
10644 11555 904001
10183 12863 39462
11839 6057 505160
4275 7802 178768
9276 7756 926964
5338 3663 369085
4780 12116 25465
1678 2058 950589
10453 12289 375171
5226 4184 741543
2441 3907 945221
10956 10830 633585
308 1251 147018
6705 11632 521837
12760 8627 567337
7672 1069 179139
9737 12655 806967
4857 4771 267759
2025 6291 403659
10302 537 275664
2015 921 542773
12154 11191 534654
12164 12425 587041
11157 4436 521425
10245 8634 950248
2557 1708 449023
6928 3385 264258
10991 10856 845629
6162 12613 509253
8059 5793 201686
9214 5635 902464
2460 10987 615702
786 11526 265185
8985 3849 852059
1262 5015 721447
8519 1338 867051
5572 11003 129385
1373 8602 989061
6075 7921 987961
2751 11102 924600
6127 11150 517737
8654 11626 589903
1312 2079 450571
9549 10929 54672
11067 11629 229568
1423 943 326668
689 563 588995
7753 8738 926723
8648 10923 609896
12571 1588 880763
2191 7661 988987
9683 4099 108115
11896 11189 488034
5000 1645 676495
1214 2800 931080
12745 3368 908446
8422 9468 442759
12419 8494 836669
9242 10081 414217
12891 9260 878199
10522 2206 771348
8443 5570 947893
6761 11167 704595
11217 2161 541395
5737 9192 335998
11024 4022 49294
9271 11704 960344
9375 11026 711479
524 4093 131176
6642 11015 248981
2940 4049 721839
9379 3350 353151
12319 5259 426163
7044 7219 317549
12513 7065 777108
9667 12560 319107
5777 4766 800400
6067 11968 250403
5944 2694 593444
12343 7417 66252
4975 3182 870807
9488 9760 563893
12671 3388 268875
12081 11200 578368
10103 3381 375133
7721 7950 460900
6727 10721 304381
1561 3087 108466
4369 5517 476840
4869 3511 787894
12063 569 119178
5565 4842 872426
3354 9816 871091
3934 2012 636109
79 1832 78062
4430 8962 973190
7128 5921 212475
2984 1597 78009
7138 12942 104954
6372 9953 898867
412 2621 416836
12835 365 566373
8827 5764 212175
4181 11729 997432
6666 6026 754985
11157 678 576464
1033 3328 16123
2717 4014 505245
1111 4553 38083
9842 6952 700666
5629 8907 280335
8753 1163 212681
2235 674 646568
9085 578 906224
2006 3472 47080
8144 6438 153470
2223 1784 170919
12351 4390 676648
6360 8178 189886
4959 10909 323606
12430 3665 426490
11915 2443 318718
8656 11428 437823
749 7673 512939
2097 8281 856886
4780 9914 877714
9994 12931 679771
927 12422 26201
7162 12923 925089
3335 11061 158508
1110 4614 929136
4367 12825 112447
8643 5687 551636
8028 470 617309
4396 7166 227742
7034 10641 550647
10456 3845 879704
1720 10140 148159
1175 4321 109510
5457 4215 776855
6837 8659 62579
13231 11718 669237
3164 6036 435307
6551 12973 118908
5323 10450 666644
4375 6640 423302
10179 11354 196695
11909 8675 993608
9135 11445 323511
8279 3375 212654
4781 659 302845
6888 13148 245773
3384 9646 403346
6408 3911 590587
6370 12218 92957
8632 12821 177315
5303 2349 865623
5633 7701 625282
8104 12731 902143
9866 4460 698099
6105 6622 444149
10898 11074 843624
10009 13041 991529
12775 11076 572657
372 3850 980440
2233 10022 829940
4565 7171 607941
9669 232 798096
115 4453 205088
10915 10764 97896
9453 10144 527335
4991 12896 99409
432 3543 998218
5150 9168 290308
11687 858 718176
1620 361 738275
798 2699 167005
231 1487 732130
11786 9934 660333
8243 731 265808
6579 8709 710814
5123 3327 31892
2850 2267 513208
7451 2830 898923
9593 1634 901038
12873 10865 590553
945 7702 576370
2086 5767 693671
6972 2064 539971
1354 5953 688961
13000 4716 713774
9447 10050 441858
7628 592 639322
7392 462 666149
12104 9808 841845
3511 2861 689933
10885 9590 927063
5751 1436 623071
8396 2130 83274
2953 9212 930989
6116 988 869951
19 10389 105460
1673 9311 655541
13130 2019 512678
6265 6612 678646
11142 3823 963669
6041 13067 645523
6510 9377 126990
8377 5123 511431
1033 2711 854183
10193 9670 470785
1219 1877 244599
7768 4496 860560
4560 1058 12367
9547 8597 683869
7958 11206 67664
10809 7167 616155
3308 4210 824125
3376 8826 306876
3559 5958 663774
2293 8798 795786
2033 990 115741
7451 60 232119
1769 7284 700677
7303 6233 409082
4132 6034 862440
10149 636 35104
4959 6362 56440
786 11312 677245
4321 11712 261404
7542 2061 43399
12129 5329 18124
11495 7063 447966
3688 576 425278
10493 12562 992249
11442 7792 121584
6126 9906 693453
2789 2726 958455
2874 283 226735
8574 8737 974999
7224 56 627153
9130 11671 69210
3184 3934 149642
3567 699 896505
59 1229 987341
2314 10724 28625
6290 4950 549879
9214 8537 247667
5401 6377 945368
7376 11671 958866
10730 12977 511881
12702 4945 102250
9542 10293 659580
9977 5838 554909
3677 5620 903801
11494 3536 310742
4964 6409 10856
4572 4969 699597
3962 2182 949502
12946 521 528440
6301 549 451681
1656 4648 864653
2381 8696 85998
8050 1183 920884
8974 692 287184
5033 10417 258469
7530 2113 453238
1543 6379 830681
5104 1194 901005
9810 11741 179426
7938 1956 910494
7569 5149 387637
10467 1071 639385
11365 2462 675872
7253 6916 563086
13274 6944 257933
10272 10401 932085
8443 6655 376172
12995 11935 316913
1094 12818 130383
12797 9924 434266
12856 2106 686101
3772 2223 818284
975 755 1234
5131 12561 195170
10300 10014 557440
7280 1839 958780
6607 10224 842229
7433 4742 656638
10420 5443 247256
1626 2995 942918
10088 1706 57679
11742 11912 563570
7640 4460 802774
12728 1168 290607
12019 5515 772022
8033 6421 893327
13033 6178 95070
9826 7352 424653
1043 5337 543403
13025 6937 209869
3265 2796 879540
4867 9159 265293
2198 8420 396265
7698 1061 678798
5604 11072 878179
4406 7776 727159
7425 9766 328960
11251 1014 608470
822 7194 445524
1969 10880 877966
798 6715 791694
7542 12030 887423
4379 10822 200672
173 8029 518873
8017 6010 647249
9247 10704 225565
6129 12913 313736
9717 4720 1342
12723 6662 30002
8926 13059 31173
5339 12866 333770
2092 979 716693
5697 4102 663033
11766 10535 552913
1735 10106 939781
9773 8804 432239
9112 12823 797028
1303 3064 14024
9234 6060 523945
6891 12235 779447
3093 9599 703674
7218 7500 140151
10746 2025 639482
6387 10109 534146
2695 10355 264574
12958 2741 732906
2420 11654 540354
460 7549 887117
9664 5181 94490
2452 3982 460709
5920 10968 681872
9772 4308 645447
7737 12583 853329
1033 4676 5557
8008 3636 952018
11237 5007 581404
6896 3110 496784
2772 9650 611054
1318 9549 853645
12862 6536 489789
2482 7597 497498
5738 8633 841907
11147 4872 599425
3627 12367 752401
4699 2451 309379
3717 560 647906
12552 1409 724347
6888 6847 538260
513 1594 831396
4300 10660 789944
9624 2950 98372
4554 3018 883447
9639 8050 870669
7334 12011 202558
5071 3945 495887
9243 116 900024
1834 4297 20691
11988 12150 713463
11155 8436 172587
6188 3730 800701
10083 5460 790116
216 865 697023
4458 652 153424
11120 1461 999362
1506 4214 161355
5247 11724 863618
6404 884 462370
6709 6174 623979
5534 13260 250643
2739 8022 556020
5729 6522 410203
8696 8048 882521
3937 3465 747116
11900 5614 522001
6630 7188 754857
2427 9699 377378
1971 12708 548655
7960 8988 219118
808 9432 89075
10784 5207 446046
7048 5743 50742
2289 9956 722677
3987 6762 47439
12491 7015 147858
3729 405 167817
8192 7377 468001
9295 7280 605672
375 8377 248795
8789 10352 965395
8719 3189 40506
5683 8225 268018
3332 4893 559011
2413 13007 203090
6604 1419 719473
1406 5582 879755
7900 3377 824384
7676 11518 786213
10048 10946 648988
8876 8293 840147
9611 8675 525621
3598 612 868585
3126 8055 631895
8418 3032 196648
3624 7974 848508
13061 3159 236548
11070 11096 92509
11654 6005 685048
2899 11817 779041
2843 1212 357141
2049 2742 979853
9487 3197 852219
12166 2822 589965
1166 4124 731413
4582 8640 335263
9599 9739 462604
10283 3549 401794
2941 5879 895722
12929 4369 500132
11643 5069 141217
1517 6275 494030
1815 3075 747993
11627 9679 323120
8377 3415 659815
7621 6976 289789
7499 11756 593007
8584 11162 244587
2081 6688 778586
1533 6832 406043
6799 5550 701298
4550 8232 621897
5832 9585 929885
3120 12982 912570
4096 4309 261280
647 6240 836423
10903 5789 379132
1120 1532 671798
6545 7666 31373
10212 6934 897090
11770 3939 275532
10546 7587 526573
12391 7192 484972
5822 9291 912474
12996 9245 547867
6135 5418 258307
4430 10911 295945
3098 11984 428525
4639 10285 275635
9874 5230 853505
5454 7327 889841
4332 3548 762004
1140 13030 355858
3379 6057 230531
9345 10088 55633
4775 11389 976773
2557 6251 301427
168 5004 169519
13052 1212 447211
10712 11950 544256
7596 2303 990929
1191 9516 681144
12077 5105 822241
11417 6230 284242
10270 2341 299583
11767 9055 358263
7797 6698 979032
5093 9982 432267
11826 4021 466130
930 12795 786969
6161 1389 792842
2405 5503 408203
12814 2872 92299
2009 1735 917799
11699 10042 209089
6844 2060 677553
7428 3147 291612
11497 12208 386324
1934 12322 120591
12786 8247 277408
11523 536 61630
918 2009 191326
5422 6811 303282
218 7434 429765
1246 6809 863367
2040 3833 935597
3985 3036 430349
6714 7773 684344
6531 3362 734935
5703 1038 718051
9252 10915 387698
6401 4107 209080
9188 11204 855443
5986 2718 546990
8836 4536 461797
3905 5955 739216
8499 9670 94855
264 1938 170576
796 2405 593120
6860 11117 973937
10846 8510 637875
1981 263 968578
2394 2978 64142
5153 8562 332821
9212 11670 859351
309 6058 6735
11255 7932 422635
3240 4069 441612
11207 2908 675771
10966 1306 740562
12833 11453 82534
10923 1759 598601
11760 9602 308833
5772 10393 956093
13178 5877 625733
8345 5190 685726
5275 3689 608280
9195 3553 211511
1449 8782 565073
4770 4251 42206
3531 155 623126
12099 7014 583768
2439 4869 869193
10034 11142 810640
3940 12046 151241
7122 2049 200270
9875 5624 778120
5690 2450 40966
12782 2398 883575
4780 2776 840329
1734 6409 995091
3738 10363 633775
9206 2195 604762
10413 5791 206504
4161 363 961850
5467 8240 241775
7736 6555 849022
4511 7332 289661
2454 10595 751666
648 2834 730634
10161 10472 874218
5496 10883 327791
9133 1615 794917
3038 1287 891034
10848 10465 801308
192 7446 880622
286 9442 371141
2986 10386 611977
8046 184 403902
1331 7633 44706
1939 11349 751815
4735 10931 806139
10329 5548 598456
2892 4106 733441
5651 4503 884282
6382 9451 185900
4930 599 822849
8184 5247 332222
7401 6614 899887
716 9735 302598
4106 12999 527565
6980 7301 193574
5384 757 463060
5257 11146 621130
4306 3455 542345
9417 12735 313215
5840 13178 561954
12908 9640 974801
6589 10048 108949
8750 1410 248716
2353 3774 977197
3488 6802 409908
10100 4928 576860
2847 8419 437197
2003 9676 725692
12804 834 530941
8521 7985 243839
11142 3324 775871
4387 2558 30710
2876 3020 903428
8165 7581 662661
11515 6503 1622
4644 10322 891156
5312 7833 505768
417 5562 163278
11799 993 504075
9789 816 99403
2719 13275 450573
12306 3528 60722
9935 7063 222056
243 1478 785935
5677 11405 245369
7198 2379 319761
5156 10254 913822
1247 12970 766829
10006 4137 519205
4360 8771 345641
8896 4117 221186
3094 5967 322992
8023 1926 498261
8899 5903 643859
7871 4797 663588
3202 4733 652
3204 104 284939
3066 1609 642150
10169 3683 435754
8956 6546 185475
9974 1643 251632
6305 10061 76873
1171 1359 672105
8178 9405 502113
6483 2038 232630
4036 7589 300088
5320 12653 832804
3595 4262 805804
8606 12292 159207
12063 5911 802900
7725 6147 372583
1450 13290 557610
10876 12737 286550
8206 5834 8347
5221 6557 235821
11393 9587 257926
2615 3327 405775
9839 6793 127578
3030 1706 815431
1072 375 200262
247 340 442768
4019 5268 541038
8700 7502 587989
9442 12205 790960
5925 8072 511425
13057 2429 512451
8189 9344 665916
6064 7645 316695
111 1626 149479
4458 9376 3872
12771 7094 628214
10909 10591 128626
7939 1815 774627
10924 3415 167819
4870 4096 375508
6402 3068 698266
3777 2294 580673
4726 10271 313214
13193 13271 241691
939 10584 789145
1095 3182 56592
11208 1448 937945
11791 10614 205040
11258 10489 588325
3320 11014 531924
454 4500 679214
4704 1815 825063
4371 9505 990894
12967 2425 316479
4471 9692 642989
11870 4677 974335
10345 9316 511222
7377 4105 208250
8049 12822 937980
481 1079 655185
4980 7105 788693
7812 7111 497498
5638 8419 954232
8932 10271 853579
726 3863 648556
9699 4307 939447
4082 1609 687871
765 55 173035
11027 6317 400202
12781 5726 773877
1925 1641 705054
10595 5466 300822
2011 9227 168081
1601 6832 298726
8129 4426 405153
9751 12249 765839
10018 1021 660789
1645 9396 888731
1353 5992 499617
5414 5476 187231
225 5619 351280
6813 11745 154334
3518 11636 56584
1136 12862 860433
10582 8475 407140
525 12139 540304
3851 12667 884043
7542 1677 413845
3034 349 524939
8695 10014 469849
6367 8129 310566
9893 10657 908070
4312 1542 309123
10698 7886 304136
445 3498 760353
6742 6191 408542
11985 10822 569373
4463 1682 361337
7612 1418 994876
11738 2508 101546
12616 1440 457072
6618 4679 955078
838 3498 784664
13258 6871 437823
4706 316 215100
9898 9394 124367
6249 11792 264012
511 4694 720076
12600 789 444821
8629 4243 73037
2644 9719 546086
10817 6188 314639
3570 7030 843614
11953 1987 851438
8818 228 519139
11123 2735 181600
11112 4608 768481
9696 4569 597673
399 5232 462659
9736 11252 894157
6724 5202 754369
6117 6352 146231
9921 5462 926642
9111 3671 477227
4664 9767 563936
11666 12710 328607
284 1224 977949
7564 10357 35711
8430 2449 83047
9722 8866 430921
6345 1912 873338
1149 5126 793755
84 12903 230232
6729 7395 964998
8478 8033 805632
7740 478 827690
725 1435 195994
4786 2077 566565
3247 6965 515192
2511 4302 715973
4765 1889 993371
6612 12445 889695
11664 3799 190437
10216 9825 89750
7728 2503 410678
11398 13249 442018
7694 3541 809732
4307 8151 185272
8311 2756 477522
297 7442 810686
408 12789 332301
2893 7597 277905
5294 8619 533721
11799 2378 374743
7110 9484 536206
3478 1494 802550
12250 402 767048
13204 2762 940724
11590 1873 106359
284 2547 73686
6614 5027 912985
12031 4085 940470
6214 3069 282548
398 9570 198052
4840 1912 122009
9816 2732 267166
7651 7307 958339
1994 3203 831222
11757 677 739809
3076 9744 561675
7405 6860 433543
2885 12223 131164
3119 2898 853886
5516 8517 485492
2623 6658 973664
5415 10769 811695
9966 10904 106225
5426 8647 199557
5040 2452 982956
693 10672 65900
108 13118 225983
9753 3480 675804
316 8453 476919
13200 3311 220836
6032 13263 281858
5940 10730 834336
2759 6586 370031
12494 6260 246533
9206 9738 724479
6503 4793 257576
6222 9713 875095
4156 10133 271553
2258 11524 244226
320 10809 392685
2461 12153 263299
8912 393 219862
9365 2214 390667
2847 2271 975194
1544 6599 606677
3473 7588 881853
5128 8304 161249
281 4360 227080
3026 3143 380429
6822 2908 137606
12106 12607 600096
9642 10641 162199
10351 252 30307
9024 11710 776738
10938 7831 392752
470 1417 951214
28 2130 69247
2662 11007 394538
9908 2950 630854
12187 8230 253457
7576 11753 849581
12672 4363 901378
5228 10748 304986
3524 3877 849976
6737 8907 832933
10045 1665 236318
9878 7215 562927
4400 788 818949
3713 10615 485829
4420 9389 760671
10339 3780 933996
9139 12329 128751
7221 9982 802978
9142 8904 323487
1759 5977 909827
4915 13177 195345
9657 7542 677824
12841 8107 74553
1252 7545 113739
2171 4388 357140
6998 7803 312235
10012 5789 869859
215 11591 211214
4029 4629 446000
2414 4617 598711
7319 7715 167301
3225 9716 813641
578 13205 382580
6189 1105 821545
6214 1560 805801
11105 921 599201
8358 7865 844626
4309 10597 871227
3237 13158 882723
7092 6186 541399
5298 2056 797404
4233 6221 130204
5990 3782 2533
1439 8774 961355
2063 6530 289430
9147 4177 124403
10341 10462 741184
5793 2415 844317
2617 1936 44436
10930 1071 223591
12999 9044 471877
3959 2622 972648
4188 4628 933769
9410 6602 763806
506 8950 504756
394 12616 76997
12406 8122 614812
12993 5034 937560
9131 2353 727880
12700 6274 293386
3340 311 283913
6620 1207 201700
6956 10648 275598
4919 9863 706726
7906 7603 307105
1919 8878 447039
11343 7740 924953
13142 7921 427746
4269 9593 629889
3948 2946 273725
5617 10160 124009
9854 12904 129273
5729 5922 659759
2480 2165 806599
696 9714 150053
8182 1849 258760
7128 4048 45332
3570 4819 236457
4351 11836 520759
1755 10584 409470
6415 11035 44394
2393 5509 815177
3002 7060 853533
12478 4170 48442
8970 1387 353921
4740 4318 912852
10349 8236 172291
9275 12877 242558
12873 7246 919824
596 2363 445684
454 2474 449644
815 12677 725324
6996 10231 106919
12123 4321 264915
6846 61 25496
5804 5155 319144
12627 11285 854010
10681 10272 703219
3211 13241 501947
13293 3627 541463
2438 30 396516
5292 6076 835824
11538 2685 348330
11788 9295 816724
12963 12829 185358
4000 3476 624622
7840 9566 567763
1649 8059 962484
2988 6946 703969
1253 3232 287277
375 7258 559700
11918 7651 585540
8265 4682 704789
1367 7804 810623
10488 5590 765139
2762 13113 610877
8275 10628 805998
9907 10328 486037
3683 10457 823934
3966 239 211151
571 726 535345
5452 7149 284855
98 4320 855312
2783 404 703982
5593 10504 780726
8601 10605 402870
4481 2780 278577
12233 2163 788269
2590 2036 125037
9625 10582 877241
7483 7502 912608
10882 7085 468751
5122 5636 174380
4470 12718 485140
3675 11697 455848
11212 40 645501
12394 11309 203833
650 10168 375899
8443 9508 698026
12474 3996 194372
6165 2810 875089
5172 2881 530843
4030 9074 515323
8144 196 606059
11418 1113 113226
5721 8513 428126
10710 2981 630716
6142 9846 802731
4841 12780 868018
6807 5004 642725
8427 442 937315
9851 2536 820666
10472 1002 192526
11049 10213 380305
3257 10634 171736
10485 11227 18042
1877 3095 178163
6407 2031 505588
7958 2692 250478
8023 12643 483222
217 7455 160997
7368 10555 208848
6249 11138 419448
12928 11720 526113
10344 3557 667197
7021 6433 13072
1338 9288 841201
5633 2468 457447
10115 9208 280927
11846 7963 845675
3962 10558 800951
4133 11671 917850
12201 12371 279810
2504 3018 506129
4572 8152 349414
12748 6321 454786
4152 12489 345353
4920 5652 189911
3195 12861 199549
6427 11213 179426
10670 2936 270859
225 8406 750592
54 11072 887149
1837 7596 109202
6145 9045 503405
2865 2582 269040
12274 5186 117889
10150 2695 842140
12068 7717 213360
910 2894 191539
1840 1564 847459
8043 2865 709604
2985 12152 681780
10431 1693 840290
2851 11431 371820
7780 13221 198927
6810 4160 359218
11267 11264 428574
214 8656 606658
5969 11891 402367
9995 6146 765834
6505 6662 656684
6655 12778 325154
6721 4749 445027
4966 3184 439522
9426 8527 791849
3328 404 995250
10871 12071 458678
7671 3714 895038
691 1688 167075
12319 4603 292047
5204 6098 590777
11314 4320 198623
12207 9793 569012
12272 11847 8113
391 10208 338841
2093 9734 869457
4002 10336 98023
8096 11157 265276
7890 7101 187539
5395 12324 237127
3694 10240 736169
6018 12173 961563
8028 5510 437244
205 2828 568568
1336 9836 416242
11838 9277 773406
7345 8032 392664
7156 8556 565037
1846 12380 136745
7032 7286 690184
1125 11019 275466
3887 3122 835011
10308 10118 323412
1440 9691 430127
1439 5593 727813
6858 3235 413771
3958 4409 584135
12386 12997 22716
1731 1006 258713
10519 8740 369305
3402 3618 957968
12698 8486 512781
11660 12859 662756
1313 3586 544763
1105 11626 649251
10802 8470 967304
9607 6038 135138
5973 6531 280593
10947 2481 589804
2363 3183 26586
1912 5157 728478
6331 1673 291670
11012 4345 730969
3726 6443 862310
8829 3574 307643
9601 10666 816368
8486 6000 225072
2032 10086 257888
11185 8236 48619
5555 9695 365157
4614 3930 683557
4033 3881 339700
3317 12036 779451
6610 3702 129628
241 6915 684469
2215 4052 889398
9050 12871 868647
4551 953 603193
3165 2511 552422
11712 7855 747734
12801 10287 261021
257 3209 47950
9189 3775 103584
7185 10519 338321
10872 2321 700511
7411 13102 158032
12260 1896 118935
2326 1667 861275
8650 2900 183615
6053 1123 999845
11536 3648 163185
11074 1443 673574
6450 6144 245600
9328 5898 89178
12037 5577 252879
1248 12680 613614
902 3205 438609
7304 8345 276362
632 6497 165182
12151 8689 647996
526 5892 929963
758 13304 913014
7480 9299 678189
12762 7250 343497
10380 12711 352926
11073 6729 384063
2143 2372 655059
2592 4461 26330
4828 797 827205
12799 12184 961387
1245 7163 798536
7547 8118 26901
11502 6880 84905
2828 6235 144498
12569 3022 828437
6281 2447 938475
3132 10927 482657
6788 5717 803120
3748 9419 254564
4085 7194 317450
4199 10691 742826
434 10141 252568
6389 8226 867904
2528 1675 102763
1393 2143 660734
4621 11124 703087
6985 10714 509194
9262 8764 464104
2184 10605 325800
8129 6375 177854
13211 7141 634331
6390 7256 782839
6953 11104 664633
13070 11240 560645
11065 10279 953213
203 11110 201539
5995 5953 435144
4644 7545 313914
8651 4660 485452
8974 423 774992
2073 7150 300530
7758 4621 810931
7515 6733 408924
1972 1223 69900
6503 1945 520507
12319 6826 708979
5513 8848 286082
7861 11670 751378
12715 4621 129650
11765 4504 797387
4989 11770 481828
9362 1854 322771
7484 1170 782357
5128 7742 371963
4694 4539 677499
7870 1842 329338
10862 2209 359653
959 562 895568
9459 12502 786281
10305 9848 132458
689 12640 536592
7576 5176 907868
2476 9838 980939
12746 8221 615996
11496 3540 528517
1714 1815 752978
6598 1620 302220
3701 11744 270880
1337 2413 604645
10535 10000 10398
607 1074 367466
7348 3955 569633
2708 7034 169353
10853 3064 919787
4396 927 938496
10364 2812 388480
1573 11718 703806
5228 10084 270150
7309 906 92937
8681 346 474311
5131 1181 826748
977 13274 835122
1100 11853 262505
11040 7451 806168
8463 12643 696283
8253 1866 857372
9764 3727 882765
5775 11500 86584
6481 7141 667022
2613 6796 699185
4219 5041 793298
12036 5771 118785
10108 5777 212469
1756 6659 309457
10625 5646 917217
7460 4091 690442
11847 1096 890366
7052 3025 188998
4706 13112 220539
6838 7396 998032
7009 10206 410215
2925 9857 654521
6734 11193 930262
11172 8656 391400
10283 6370 556285
8190 9504 158135
11964 4615 970308
5190 12233 182129
4879 12614 433453
8259 4834 240967
11135 4325 476165
5846 7511 222120
547 5155 36311
9386 6192 275483
10359 8954 425512
9034 4630 734066
6631 10868 108154
3201 2311 666280
599 3987 840329
3663 2722 863366
2817 12834 613736
3986 9103 169363
9641 12663 850152
12690 7481 539457
3801 9035 699774
11472 10091 204424
5507 3724 681337
2684 2787 8935
5322 10966 774834
12051 4970 503332
722 1374 559378
8870 5291 461892
7040 10998 956291
3016 3466 77575
4857 7979 703725
8599 2961 818820
1216 409 479147
1131 4033 898138
12188 224 444752
1079 6232 303666
12134 10537 233860
10296 7480 892862
2171 7035 701536
1865 12513 281841
514 2022 960262
6258 3192 485030
2982 2099 626294
12368 11614 224666
5967 8998 701392
5009 4745 398277
3566 5671 924260
5014 1132 101177
6653 7083 333916
4473 13123 852288
9095 11374 950047
5468 7674 183376
10693 1708 377889
9067 2971 60340
5723 11266 222046
84 3905 701017
3688 6994 794968
7806 8309 593654
11883 3778 287908
11736 514 612721
12761 8348 814585
8185 7315 622724
1326 9364 447944
5420 13177 289144
12105 9210 733702
7236 9821 836003
9686 12778 8420
5807 755 528112
2151 10239 385017
12261 1427 178998
11294 177 847162
10199 12160 236385
9938 9260 612509
6615 1244 951247
12087 6767 662288
1069 7344 970621
11461 9698 928805
8622 4772 322123
10758 9056 392622
2282 1297 93024
12196 1129 820527
9387 3648 884278
10034 2421 592748
12853 1797 280485
4338 11324 545901
7162 4211 744111
1740 9405 359552
13210 6537 51769
11441 7320 202393
10841 10654 61211
10947 2896 677257
10428 12337 517515
12004 12554 904926
1710 3700 766226
12918 4855 524670
3514 2766 962716
5645 13072 451501
840 5497 358373
3816 9138 531243
12225 8177 529904
8832 10522 14377
7638 9791 470982
9807 4475 449064
9384 635 991216
783 6918 93943
10638 9545 33280
7679 11963 31659
13084 7443 175973
6127 9831 852523
2850 2705 883916
2211 8882 385801
6242 575 654495
1628 3082 153022
8923 9982 956651
6439 5026 116713
11202 4529 473164
7481 2694 681999
140 116 611733
11638 5041 275720
2267 2900 356339
7908 3403 763819
1762 7880 522096
8176 1443 816684
5606 11328 916424
11080 4204 678235
4359 4454 530013
8367 6448 428524
239 6174 31244
5363 5308 735399
2699 8825 297421
7480 8813 650186
7533 11753 200576
9931 2469 662057
5435 11428 493752
4355 4897 351777
3139 686 925152
10016 9392 612019
1277 10599 88167
157 4212 757944
6829 4461 305562
11188 9300 137125
3782 12994 367138
5874 5459 321291
5681 6699 141125
6908 1122 591378
11270 9663 431734
9382 107 839632
7921 4407 632561
9896 5614 908154
303 7893 857778
11381 7991 830570
3481 937 554827
9076 5313 481594
12399 10642 647244
4797 6945 870932
3023 3292 181521
5661 2720 507951
2397 497 627864
11898 1461 835816
7687 2194 815713
8149 4647 625848
7452 4980 512666
11950 9581 247594
9092 4281 609976
13271 12117 418505
5610 8729 138343
9726 11688 890864
2368 9422 254023
7626 5441 484642
4226 13165 489281
12285 4486 575168
3422 12717 292982
6658 11425 794281
4251 2611 420242
5071 5037 90795
9423 7079 379440
1136 1318 288381
6739 11192 528664
2096 10726 917691
5663 4743 743363
12593 4183 704388
5168 1419 529575
7207 1482 92341
8 2501 524178
1659 6657 784700
6214 12113 213336
6617 12310 684742
11829 198 942140
9828 5490 972151
12492 7252 762761
8051 490 89729
11845 2089 434280
6918 2938 889602
10982 3838 11968
11534 1838 550589
6147 9822 349354
3403 11025 730532
1763 3424 283397
8874 8967 860101
1750 11046 412099
12203 11333 559207
1523 9204 910327
1173 11942 976804
10108 7351 23312
4760 12511 962861
3183 7346 719144
11782 1177 794749
5651 2229 697808
12312 1857 117981
13268 10031 857543
7628 9359 932689
7650 8623 947496
9556 8723 231225
7658 6088 293422
3672 12332 634657
10078 5750 998802
3969 3553 283383
4915 8423 815851
3791 10722 148538
6182 12572 477029
2348 1888 836290
11074 1518 181171
517 12410 187299
8266 5663 213671
9123 1885 650438
10035 5202 85909
8094 13268 793656
12822 11343 945203
1183 3810 885708
11010 9923 915252
1093 6432 524629
378 2045 187039
4187 11691 580387
10823 8446 194670
8977 5607 292197
8948 11929 305620
12312 9308 458280
73 78 604460
6751 12880 596269
9343 1894 843846
11818 13153 768007
12255 4503 504502
1884 1296 184393
7108 7558 113753
4539 10656 752579
43 11605 951129
71 6923 708860
9077 6741 462196
6224 7951 680970
745 7572 496457
11585 5107 94497
8010 7968 580168
10735 1474 337907
10511 10239 290207
34 4265 391125
4328 6705 178964
4550 4843 823541
6898 5062 380357
4539 2442 140899
1314 1985 151538
3139 10818 615382
843 3644 1001
1672 9977 670325
4708 4325 147637
9586 5841 504649
10148 3007 123407
12310 11340 939239
4874 9152 356112
4506 8313 167497
7599 5443 652657
11231 1490 472393
4644 10712 883657
2075 2501 392235
1655 3797 622781
8506 2576 834741
12520 2592 913525
12158 7619 386351
6222 4907 883189
6608 7753 652998
4353 661 922169
3499 76 243751
10134 7999 505325
5854 11024 847422
1626 2181 845517
1636 8398 808255
2471 7932 831877
4885 7950 357303
2287 5906 829760
6624 3815 35193
8736 4857 417159
10168 4571 564179
8754 34 669837
5435 8036 904381
8935 12171 322528
5872 4306 260673
12939 13264 449332
7826 3940 448281
10592 12145 17078
1848 13234 56241
146 13263 786441
8253 5265 870976
9610 5531 38023
2035 5313 773736
12922 11799 29122
12228 3526 370895
5064 7585 519734
7104 5956 363583
8304 9293 945141
2676 4813 378681
13070 4247 563979
10201 6988 141600
1246 7876 151967
7523 12280 750695
1390 2405 628173
4720 3518 805007
1132 696 966325
1229 12776 891470
8215 13270 829410
4562 4936 538387
5864 11338 301053
11814 5990 527283
3541 3225 135432
5326 876 609144
8062 11877 122599
4668 156 93500
7871 13088 770656
12717 11724 907792
6576 4828 144080
12214 4537 662386
13120 1720 233106
10246 9711 636525
13062 12361 408046
5707 4193 593288
9766 5290 239020
2138 5573 420390
6175 3527 352303
2302 8753 733656
492 4994 256244
10395 3161 199586
10369 5974 606929
10827 13269 960623
1362 6152 778488
3503 12370 152134
4071 9632 333934
6547 13124 451546
5486 9803 182361
3700 13051 966776
7941 11191 520335
8614 10327 86248
4941 13045 828912
9701 6719 124189
3308 4203 443162
1345 9743 498630
2562 9647 163849
4387 4197 246866
9828 5052 592792
11534 9107 261110
7478 9930 92750
8249 4433 980649
11694 5250 920751
6351 7796 755528
2843 10903 685365
4825 6285 539603
3234 10056 263951
562 9924 759736
2272 4671 22040
6160 8499 688570
8286 3190 188611
7004 8080 231808
1122 8097 706557
9269 10346 804200
13263 12276 898934
8633 267 854557
7176 6663 249176
2966 120 933928
3456 1764 944285
8337 1734 49032
9710 7075 781129
10187 9268 280176
13236 8700 586716
10208 11693 487761
4701 5856 387918
8739 3738 477876
8710 11239 250028
12400 12694 884138
3833 4295 842107
8521 772 546434
4230 11534 547119
4996 12993 831079
2954 1735 141291
9282 13210 496066
7251 8232 605267
6017 11318 442603
5048 696 333288
1648 7393 982930
5640 11195 816465
5653 6578 545137
8888 6716 908759
677 9174 687861
1684 2568 597289
972 8943 81175
2708 8417 535046
7161 12367 793541
3568 8927 748273
10495 6485 762843
12593 8790 931067
173 11432 912860
1147 490 649961
6867 7369 704375
472 179 199258
1249 1614 869785
12539 2469 557347
1152 3846 418936
2147 1427 504409
9094 9694 960650
7200 9344 803827
2881 7943 262194
9672 5142 227794
279 727 576734
4665 8690 165866
7428 8760 138285
12872 10174 540387
12023 12637 570291
12376 12221 712732
12811 985 538560
666 11208 617550
6041 10236 251349
12745 7339 152959
9720 2899 946731
3443 1229 904563
6047 4772 516651
5205 7653 722243
11588 5420 591332
8081 1375 349884
10267 10495 26115
417 1893 435252
3869 4254 821974
10136 9518 881972
7384 9524 455362
3218 35 932974
12026 11821 835042
13071 9305 694119
7742 4007 830593
3252 11393 377273
1235 12607 902582
11318 7280 741037
11938 6161 718614
3713 8146 700735
386 974 509978
8805 12187 995840
5764 21 297822
12051 7989 917602
12668 8816 627889
5042 9723 787485
10948 6141 43806
625 2248 715754
12326 6370 888337
10253 7060 205714
7604 3323 674627
4129 2627 900584
12054 7108 405644
12615 7442 189740
10255 7414 61815
1197 5653 835876
4625 5438 624492
1132 1272 351918
11777 5686 676171
5962 3988 913074
13155 656 283057
131 9903 558484
918 12259 44914
11219 9845 252765
12107 8931 841926
10551 3549 672072
7704 10363 520057
9259 5943 93402
4861 8283 455034
12915 11020 404644
5990 5682 969479
4133 9343 499146
11339 654 707219
5965 557 994694
9825 12223 166703
7849 3112 816650
7321 883 262233
6103 9521 102692
12158 1723 364189
3590 8333 259629
11282 2998 719035
1147 735 929591
4266 6351 667033
324 10417 96831
9236 3744 180859
8289 746 323248
4878 13183 331869
1937 11365 444066
10426 1279 860349
360 12790 439627
1213 10501 587464
4504 1593 201814
7350 9459 945378
2180 3302 963168
1228 7924 548805
9196 1369 899486
11819 10544 843498
12362 4808 104979
9656 7817 950262
4920 1000 653594
8809 4177 995839
12382 4594 226395
5522 1581 926891
4524 1531 479025
7979 9915 221086
8157 10349 743633
5012 7815 93491
3588 13123 671630
10398 8385 334894
2101 4168 666792
4750 5238 945193
13201 8577 82848
3275 6074 533913
7372 11520 465844
2798 2474 319767
7494 6816 403692
2364 8252 623703
8913 3994 955636
6356 6936 30001
10654 7918 572458
12346 11286 484951
1247 3064 858327
11675 4363 486673
12088 6717 334495
7415 11479 811662
1358 1635 459351
409 6272 294339
11553 45 688639
7094 3469 332422
9856 5877 697138
6948 840 496101
7821 10239 704669
379 1846 579055
11145 2001 194166
10115 2874 175880
8112 10360 641531
9600 3255 516436
2557 1501 399465
2200 6734 182445
42 11747 164050
4374 1340 605415
5874 12946 246321
1584 9068 410131
10012 6934 82758
3542 5340 415876
7670 11556 791908
4258 4366 879291
10258 6012 2834
10242 9762 56800
6944 3638 213135
9106 285 287732
12253 8322 29005
3361 4678 301830
9590 1391 455612
7324 12580 856924
1719 13153 898145
5818 6259 262978
6938 7710 659287
11334 638 513103
10931 5165 980004
5338 11274 845390
9484 716 857539
8461 12483 416254
2145 12391 985766
9263 5814 292699
12223 4779 283886
9472 10149 62922
5141 12577 67725
13029 5196 399859
8945 6535 117286
7165 10344 367789
11606 7469 301664
3837 4297 549108
12844 10258 714124
719 10379 918489
9328 1220 3864
3033 11197 692922
12811 7039 509615
163 13304 529268
4707 11361 610052
13097 6463 594827
4421 1686 762453
8326 3661 782841
10813 4404 260338
5707 607 920735
12055 12418 819082
12955 3775 668786
8666 2792 431767
12395 2400 913441
3502 7631 117985
12602 2305 506832
3547 3182 973927
3609 11994 227096
1990 10652 220774
2420 12666 537817
10381 9208 60591
1990 4474 314447
11640 837 769475
7591 11093 702285
2502 9546 442001
3893 11956 348524
6322 8623 232382
4339 3878 435225
3539 7994 275501
12364 13129 389701
6254 13277 4303
9436 13037 749963
2952 3690 219134
572 228 581618
9113 7108 615236
10379 9250 654077
8933 3896 786850
2486 3391 657298
1163 6429 38576
11177 4642 263321
4342 1292 456171
12321 7828 539171
647 3238 353589
10017 1086 991068
11683 2426 866633
4820 12127 626763
1528 994 788073
10827 12318 763970
13100 8489 247002
12679 4574 605329
8 8351 835669
4413 1898 983338
232 11301 897410
1846 3674 892371
9082 7671 956036
349 6182 176963
3970 7179 87995
11777 2653 965017
4811 5782 682639
3241 4718 23127
435 1469 23702
1306 12617 753065
1042 11932 471924
11296 8742 618443
9923 6618 259259
7723 5259 498725
6703 1644 287123
10324 11805 84550
2364 8926 219560
4260 7364 273289
5293 10173 195448
12086 396 10566
9396 1358 691935
1855 9255 664113
9630 12337 718910
4220 3049 242954
5189 1474 79498
9690 19 840706
3657 11939 735664
1555 7704 351144
12252 1929 204283
13142 10260 266103
13010 204 608949
3943 1310 772108
6790 9516 273402
5785 326 651933
1291 6424 666849
4249 5907 331158
8136 1522 544582
8557 4875 223120
5417 2526 728513
5567 11724 598712
316 4068 243849
4220 6883 812956
2159 8713 678050
7136 9161 395478
6762 9545 7950
9841 10482 762155
622 9150 734037
3920 11403 130158
11446 10239 63798
7145 2440 881204
673 6332 88241
1932 7424 266612
2590 7632 52152
1853 7046 949950
9917 11537 651603
7469 5329 521320
11689 2678 794405
1215 3796 2535
11350 6522 973291
10438 10720 242561
3435 6759 576247
8738 9798 660549
12371 9902 506647
3935 8952 488240
12842 421 534734
4711 3123 863518
9961 6590 479549
6008 6514 923058
8092 6376 803706
8493 11798 776674
11539 2081 729499
12942 10702 627284
1573 10050 411708
3067 10800 844832
3253 4439 854688
8143 5006 478345
1494 648 644772
10670 6875 446350
1131 5337 334657
3433 12537 738618
6274 4991 998212
3034 3329 451982
215 5477 661933
5539 6130 235206
497 12654 676394
7359 463 750672
3296 1693 70629
8982 1606 516826
1131 11428 664055
8767 6298 837408
8426 12578 965256
11823 11049 248548
5165 6885 873740
3243 5505 408633
8619 3855 55267
720 11164 819299
11263 7129 969842
13260 7350 683049
1224 11678 604909
5565 6403 428844
12756 4129 804975
10460 1105 369223
660 108 360037
12453 6626 366425
12700 10306 323065
4486 8635 892426
5184 9053 53813
13142 13175 74115
11997 9729 514470
4554 5444 932393
765 3185 179603
1095 11362 715163
9778 921 26851
7445 7364 603874
10478 11021 42757
8770 10144 724409
9796 6170 538418
12725 11854 712903
84 5250 312036
5361 10210 111011
5148 7941 779642
4980 11971 773493
2111 163 934614
3407 8510 109171
10305 7473 120276
5416 6055 653310
11981 12134 460554
9730 10071 727654
8641 6086 897126
10763 6837 163812
11859 5701 849100
7361 8422 448805
6805 3269 467930
12588 13291 905269
7527 8895 688953
11658 6655 967967
213 145 35922
994 8218 765387
5614 2346 162701
10056 10025 385745
10449 12508 810979
12727 12540 192703
4125 11140 373660
6765 7496 582432
9549 628 600586
5504 4547 668861
4712 3598 571228
10855 1595 890585
10190 419 781108
604 5245 209413
2153 11540 436216
9890 786 372238
8746 10811 984917
7323 10766 892819
6800 2803 285679
11860 12445 691352
6881 12597 156236
10957 5781 676320
8468 2878 55039
523 2393 25270
6708 12294 248962
11816 495 569082
10695 5158 439763
1151 5468 958287
11588 5053 306692
8525 6818 980155
8418 2515 735017
7466 7058 799747
3862 13002 213848
11256 675 330575
8156 6547 54106
11522 215 714451
2190 8521 911523
12343 9318 970064
12025 10375 317577
9872 4020 815919
5594 9423 67147
5438 4246 35145
4360 12104 873372
1971 4114 573864
910 9901 961487
4913 8505 254018
10584 10757 251715
8951 7534 560203
7542 5509 854171
8200 4875 427497
12729 7726 352545
3319 12737 180623
11909 9846 528112
5837 7540 537970
1036 6497 283251
12473 10296 462574
11116 1697 405265
6866 4171 28160
1349 2183 344724
7384 8695 9092
2707 9507 351396
2221 462 868944
1868 7693 6982
161 6387 732575
12108 11407 405105
1934 5765 443846
12608 2066 631762
8875 13202 275793
10311 6943 629263
5018 7564 766732
12519 3883 108803
11542 994 630329
7352 8967 558709
12680 6032 624349
1786 7370 550788
1334 5405 566993
13108 6199 969314
5095 3720 959876
12371 3938 545044
5821 12244 667309
3362 11636 217244
7620 4621 430067
11252 7203 80706
11941 13219 148478
10541 198 368910
3540 4997 630266
5490 8883 164481
490 9828 233698
4789 2302 439339
9669 818 604936
7199 1093 912908
3855 10198 505257
11808 2869 109092
9935 5432 544574
10261 10436 307671
9397 7544 563932
11214 10633 935977
10755 5526 710171
10581 6076 665011
12331 4054 330134
6776 1814 892419
1788 7718 978483
1321 5632 625161
9012 1983 461411
3908 12794 876872
5476 9932 10975
3505 8876 500251
3406 4343 272189
5346 4279 689473
971 5156 186247
1167 10240 928712
7689 2541 73827
11746 10154 142795
10270 2039 31575
4220 2248 876972
7215 11827 811853
11042 4635 102267
3075 876 739204
9219 6140 872539
865 2486 232502
4982 5659 387347
5068 240 258953
9616 4899 663182
3185 13030 10945
11866 8342 173086
4092 7270 385044
4596 10095 98786
7304 7268 399463
3231 6175 336783
11113 2596 507793
13095 11710 569024
6362 7374 213500
2857 4751 12145
12282 2407 502566
1017 11191 204506
3278 7753 388670
8307 574 210384
7975 10715 681934
989 3259 223390
743 1681 774996
4611 12213 297656
11116 1547 52734
5430 9606 941604
3132 5827 307677
11227 12745 911046
8566 10583 823574
11964 1475 381297
7729 2582 581353
3850 7276 105023
1100 1345 249351
11636 678 476833
4959 12914 737169
6260 8331 618436
12387 6484 149472
10708 10057 56433
11492 2421 714057
10841 10324 364121
6992 5897 64438
12314 643 928990
9008 8860 207933
6944 4038 150266
12375 11621 137952
12933 553 155356
4859 13057 301019
6312 11748 479443
4896 5765 519107
12918 10053 300631
6816 6792 410743
7942 6026 929252
1006 13236 271833
11215 8471 977481
2100 3425 75602
937 9191 931946
6304 1568 569252
4071 6592 458195
7059 7453 804835
4756 8218 163735
1732 8450 947544
12292 5414 782548
10469 10646 719873
5845 4117 148591
5341 1226 518720
433 9948 129313
1789 6266 412891
13018 10035 413137
11452 2130 304430
1423 9018 478642
10110 510 626914
8474 8842 110017
11604 4874 224648
1825 5165 659847
1781 9731 81050
7702 8684 896353
4909 6936 658956
25 1315 30532
1790 7597 815329
9550 8014 223474
6787 1231 301525
4992 3366 892697
3081 7314 289465
10171 1359 350852
3211 408 114551
5003 3326 605409
5978 7421 561811
2262 3236 242507
850 11783 294030
3781 1218 293380
13049 10786 512311
1698 3437 680450
6939 2720 859095
4657 19 207089
6558 11691 649136
9686 12551 304460
9851 485 302913
10040 3718 479629
8558 11134 445560
4848 11557 852472
12974 10243 881435
12105 8462 301693
4585 6641 787187
12782 5695 741339
5018 8279 714319
4840 4360 605746
149 3043 72490
9043 13237 207588
5058 6887 365621
8160 1541 226124
8320 8563 436709
4540 5984 908046
4494 3124 144291
5496 2919 269536
10174 2980 811132
11024 12681 449192
3603 9744 645000
1504 8295 281907
10931 3399 774151
2125 6518 299685
1943 11401 623092
9186 4874 684723
306 2073 11257
5858 5734 368876
2751 6025 288617
12418 4257 651735
2871 8589 107055
8074 11948 934497
6755 11595 961033
9368 8558 549504
10496 1577 675948
13183 2972 55351
793 10365 786566
1959 11770 876424
2249 3032 266082
7919 3909 442880
9276 7993 356719
2995 5083 230658
9118 5017 669220
8079 8138 263858
7188 6506 957417
7647 46 653847
6134 6067 687990
2372 2824 404143
10300 4969 871460
832 1347 376149
7456 13044 615977
2492 7605 43945
81 9053 467986
6159 882 505182
2590 9058 469144
778 13096 404757
9209 9432 287887
5371 9456 968612
826 3744 575995
6525 3295 638996
5749 209 813855
12267 133 430864
7358 8081 355419
9176 10983 453868
6255 1343 23388
999 5453 564598
882 8223 180851
8540 5762 365914
11403 10614 28852
2817 7356 724009
5458 4705 647085
830 8276 476118
4201 4451 835497
9261 7967 155350
10072 3226 440800
496 10532 324470
10768 3604 288632
9003 11376 526793
938 7553 575185
6095 5351 620288
4487 3949 25652
2748 12623 296962
10797 6517 396857
7961 11225 155500
7608 12372 56810
5051 4910 830392
5779 1024 293063
12210 1876 651427
2500 10286 737288
9029 2855 135303
9198 5146 590347
6343 11491 910163
2816 7686 51689
13281 4856 284993
11137 10312 45849
4468 2419 555257
7541 9393 197119
7333 2658 169637
2058 3459 595646
3075 4748 979412
1316 11071 779562
9858 7792 134021
2638 6008 802064
190 2569 605312
3603 3366 424328
2317 10566 778933
4857 9293 100984
7841 4102 365709
12361 5981 619786
254 10691 599614
1500 5027 632419
2865 10963 601438
10888 5624 207145
9264 10159 256097
7190 7089 699874
8563 11351 870949
12619 8837 613788
6764 3023 915900
2976 7168 960606
8258 2795 5781
12328 6376 543491
6567 55 806702
3753 917 676173
3568 1110 380196
6771 11636 6170
3195 9919 653322
4828 3834 238779
808 3461 776501
3842 7494 238716
10245 5740 757717
1141 5218 977597
3748 3848 661304
1392 9980 183929
11745 3685 67541
4634 7910 10773
4447 432 45660
6475 8284 150918
2365 4860 272072
2695 1494 774503
6733 4168 913020
9110 11842 499472
8148 5584 859807
3087 1351 845842
8995 8474 455838
223 13099 857703
7913 5610 895661
9150 1355 939420
1579 11178 104399
1842 5403 781698
12015 8631 188370
4773 3282 288868
4059 8758 119901
4817 10392 621388
2180 1887 223132
2495 1681 747150
1403 1929 628946
368 12967 719143
13057 201 455780
4637 7251 565446
701 12555 597400
9862 1587 217705
5537 801 837029
1166 3493 725531
11001 11871 603686
3657 9528 338638
7153 4726 295392
1704 3158 872997
4615 4364 34089
13029 5376 708104
12573 1073 542253
12048 6343 499555
2309 3098 24138
7094 6806 260400
4907 7602 381556
9147 12779 969300
9747 12 553812
9492 1339 761593
8008 11511 617851
5959 12028 603318
1929 10605 456722
2142 570 332216
28 5457 738178
9006 4801 428574
8262 4747 953870
8979 6635 71947
1966 5790 550178
4928 11315 293053
5393 8187 668546
1623 109 124498
11842 3806 316367
5066 4678 521974
5771 4693 472840
13060 9871 304396
12942 1711 17025
10701 10160 100069
12290 233 321141
10718 10099 712742
5880 586 414514
13306 8448 468219
2545 5474 946853
5769 11953 743793
6937 5897 642979
1265 1581 296809
8722 5901 195128
4892 1279 869312
9879 11250 254561
1639 12823 161493
8388 10948 296515
1304 8965 382114
12517 4221 862068
9163 4418 550676
1914 10935 25923
108 10041 835870
4287 6840 789908
227 12092 678197
12025 1212 249680
8744 12152 353330
9088 8939 629453
12528 11759 439583
4157 4587 647501
6577 12443 457541
520 11768 372040
790 12366 957649
6944 9109 634500
7291 619 336718
322 850 176700
8924 7855 78587
214 3685 728882
4054 4745 259758
6006 10035 945478
12333 8668 788936
7876 4236 699095
4532 11133 510945
13211 12501 574996
6122 11271 683329
2618 2658 286193
12884 11081 186702
10714 11825 646973
7919 3451 857912
9792 6116 500082
12200 2654 699023
605 10729 794687
3581 4288 75404
10636 2645 314031
11219 5607 737227
13139 10003 492976
7328 5943 943158
4817 3479 810295
5449 4039 944018
10470 138 436574
10597 5428 856297
1393 1993 854862
4890 12019 742342
7807 12609 530620
3958 864 805023
11879 9174 910109
11900 7700 601415
12419 5233 454090
3638 1388 969924
7055 9964 666148
2081 5678 873662
230 7668 360041
4110 2076 490286
11963 10661 304293
442 11547 92999
4611 9937 631302
3211 1546 746154
11076 12377 127783
1438 13078 531664
6110 3676 657256
8555 799 686092
2987 12778 213303
13169 13162 472157
2050 9008 667494
5312 203 831764
10532 1453 991658
11086 2095 467838
6710 7361 895493
913 1921 428590
492 9260 352940
3645 2187 860268
3780 1719 622689
3031 11331 97201
8624 5943 935543
9769 12776 301409
12208 9968 388963
6636 10927 389677
7954 8795 8731
12566 8282 6748
5287 1268 463910
7314 7304 794128
4795 12625 735288
13189 12220 277190
7632 12449 646756
8206 7134 802425
11197 9478 481249
4364 4010 570249
12296 3187 199691
1331 7289 399601
6460 7532 112410
10417 8308 876086
428 8045 899782
2369 9260 75657
6422 3496 314535
6786 12094 310682
4045 6062 162512
9284 5143 799977
8992 9217 715587
10646 6043 292477
7729 2688 930643
13102 4463 636756
5946 8690 740874
295 7070 963460
197 9720 652926
485 13042 143903
13146 9723 264588
2632 8231 313758
11431 6824 402793
6790 1007 943424
2442 11676 190670
2855 7328 230630
3574 3130 514499
5982 2958 406886
12932 7118 978701
2922 1357 423085
1289 11582 828033
5285 6795 429595
12441 312 256796
3297 3232 510720
10026 3102 817523
11300 831 232024
6431 10880 94264
2385 7091 918388
6990 7823 599223
9270 3738 69251
630 12335 774648
2116 574 299714
8840 1860 283418
1455 9114 198313
6775 5260 618439
555 10507 196180
9088 2297 559751
12735 64 321109
4268 12165 50961
2645 5805 515035
6136 2064 741383
1985 9964 233776
3595 12685 806801
6781 3942 583517
13129 11003 869807
11490 3728 288878
12393 4969 84097
7480 3644 597102
3558 7762 577310
2242 4738 138130
4398 13024 214216
4049 10910 660984
7879 11602 211328
9620 10148 292068
17 2582 459389
8358 6204 794607
6058 3829 720742
2801 10428 536490
12581 10805 879110
2381 7670 612112
3014 4038 962445
8005 8262 548189
3486 9765 268890
7555 9980 134414
2479 11766 685395
377 2177 354152
5632 12592 586547
8428 13075 558185
7982 6056 448384
2606 7363 877503
4642 5035 506251
2554 2286 576999
2846 10398 76120
8583 8693 379559
617 10751 334060
6361 8150 711897
3359 3119 562317
1370 8461 957725
5507 9518 301804
10335 4774 9508
3991 5432 510109
12525 8554 416822
13038 11264 955176
13136 8418 638057
9037 4999 640128
6919 8215 6750
7316 8648 676739
9252 7005 485336
11541 13087 970328
7709 9412 923383
11004 4989 194450
6344 3963 385924
1458 5030 778930
11678 1002 536641
4769 3534 299071
9139 5862 546968
13127 9501 66301
11329 1477 782487
10182 12510 782858
7734 3717 257303
12724 3220 501494
5950 5829 152993
1657 10938 704403
6154 1960 348672
471 3268 277724
1545 315 630379
7706 9244 258778
9637 7335 819239
9340 11383 671065
11929 8875 763126
7802 8851 189228
7093 12331 692365
2505 6308 963159
11824 9380 67534
12458 2136 907881
13252 13010 125593
6652 84 163216
8992 11523 664785
958 7816 872430
8375 9778 765575
10842 3447 705698
7283 2218 615401
5007 7129 868501
8422 1922 534566
2105 9783 245190
5335 4544 883459
536 1747 936758
511 5422 348688
12550 11806 89818
5611 8554 335756
4877 13122 78063
7606 10274 657132
1796 2447 381482
1792 3000 61850
6953 8633 496423
3908 7676 516681
6149 1732 67840
4082 12715 693731
435 11786 568829
4424 2958 581779
1458 1811 732637
6767 5844 429639
9647 4602 426832
5502 5215 593568
2945 8868 658681
1295 9779 137660
9226 7077 831039
7555 3571 399785
9395 6917 718400
2793 6872 7964
7510 12154 9185
5249 9004 851655
8454 6805 122212
9887 3001 446050
6555 9036 594327
8681 2396 420548
8337 2842 173723
8082 9107 613579
1339 7554 149717
12519 1203 595822
10622 1180 624234
9924 5313 472333
5448 3775 9055
3134 2437 494593
2645 2666 735291
13139 4440 47823
5518 11342 540799
3096 9216 986161
7124 8692 276901
11530 9078 510463
64 5242 814878
10673 1604 724431
12873 11139 938587
11854 11016 849905
4181 5664 199202
8400 4406 541510
5066 7714 960346
2568 8679 683383
1987 7850 475278
9245 11121 734683
10581 2587 171788
7374 10029 582958
8794 11384 794299
5240 1357 119
5751 12286 459732
11845 2238 980605
4391 2491 702940
9683 9422 159810
8789 11987 927098
5362 2105 338227
10777 299 750931
12735 750 234197
8228 1762 864209
2756 5959 234381
4358 6708 656590
744 3656 796422
1331 9759 267519
2746 2028 337826
8209 1146 306784
4071 4410 183714
2859 9104 870681
9264 552 982388
6646 12701 496889
488 2148 551018
1825 11537 681025
3967 1875 980880
10832 8710 339922
8968 10526 172364
128 13099 8393
2225 8063 221713
1510 2883 389892
5428 9124 992519
6735 607 570475
3187 12635 562226
9736 1128 776748
5785 7205 797092
7828 7492 593903
660 12616 690425
2911 7508 236160
7558 9672 971084
6549 1987 767814
4336 11351 42565
1135 525 353719
1707 6086 463902
6358 6771 799528
9226 5758 707502
2764 8421 215004
10168 13005 957516
4259 1701 771321
12428 9507 439679
20 8341 913921
7315 4519 512921
11906 2356 415114
3369 1162 931541
2621 2927 828823
11106 8288 886881
48 9304 604236
5128 4026 302346
7350 1296 67344
10517 9741 545134
12997 2272 134152
5616 1881 403499
7110 1313 776302
8536 2706 376483
922 7298 431639
8 746 928669
1313 11450 246983
10019 6819 656500
11215 10899 866430
12800 3049 543561
4822 7162 9842
3767 8259 821566
11137 1560 882275
11868 2859 999358
11142 5086 24097
10605 9144 707511
8437 7810 245558
4705 896 907459
2884 4577 888721
7406 9599 304997
405 5906 324631
9716 10763 171841
1080 1178 216045
12691 8196 804501
4734 912 220357
4765 9737 140452
2210 9536 420013
7332 3422 425632
5775 4600 233007
11755 7369 126553
6365 7394 189658
11965 6597 317646
10490 263 421147
11225 5240 228170
1465 9310 858352
9465 7825 263562
1798 3119 395922
2780 4966 725292
9552 6704 313103
6739 12347 260275
7463 11213 666370
2584 9933 144109
8878 1 530949
3034 5600 948888
8628 9629 656239
12938 4099 559164
1948 5614 15863
8741 1119 462543
1472 6826 658185
2228 1096 840859
4212 3399 683363
5350 12161 208646
12970 1890 290068
12959 5530 525847
10226 9710 766718
10288 12659 186672
13293 11466 498429
8680 5103 307842
8468 11629 435746
11615 2582 868685
12839 9098 197733
12924 4029 379367
11240 7414 112077
9122 4211 847599
3317 5434 663085
778 25 325145
10952 1083 274178
8062 6755 800774
5513 305 212523
1784 4763 132785
73 6437 326099
5172 8240 693498
2981 103 452076
2276 9953 427553
10630 7085 212600
4054 11024 978989
9250 6420 527777
6293 12124 551489
11243 2007 258233
4299 10689 81817
11143 1977 224974
1860 12636 972103
11997 9420 557658
2897 7151 244173
4255 9373 534923
10648 12727 112644
13282 11752 89426
2720 11248 556500
7880 5739 607421
5685 1967 307005
6522 9901 217258
9307 4070 412329
570 12911 895155
10301 6421 617560
3504 4059 878674
4846 3472 310375
8918 3274 642705
10423 12676 337470
6106 9651 890618
13213 848 581173
3749 6551 712323
11277 10775 842794
5000 12276 262032
4504 10262 611621
11795 12763 149672
5341 4795 569915
4509 5576 388871
5950 2673 761195
11299 12362 513323
8380 12009 212934
2942 7167 772779
2424 12852 916967
8901 12833 604591
4869 3825 49954
12825 13290 499381
12448 10551 487914
9340 10625 543018
10814 10498 569130
10183 2240 977611
7937 8130 948095
4312 4468 528356
5920 12142 368501
7192 1980 384443
5234 6555 689276
7973 3044 475114
4005 7921 410707
5538 714 275174
9201 4570 824519
7826 10304 634924
624 6944 273880
7448 9388 677792
4419 12119 532382
1177 4473 498843
10833 12831 517374
7686 8453 180157
2015 9524 364206
5504 2175 338917
7178 544 608513
5073 5630 947570
3829 6809 512738
4235 9233 956542
5178 3489 937169
10662 9427 147457
7123 5069 121166
4064 11556 17375
5288 498 440465
6254 8896 589515
9650 12902 492993
4592 3478 171648
9431 2639 677254
11562 6028 657983
7647 3964 536330
5939 6762 469166
1305 11417 166945
2843 12875 583522
607 6727 360077
3449 11281 401972
11546 568 83019
7500 12463 131985
10541 210 722121
833 9621 594480
8745 916 313607
10523 2774 302962
4936 10567 550099
3051 1602 386172
2077 2269 287508
1787 5266 250849
2058 7837 777177
10832 4021 678994
9192 4245 795340
8313 202 994038
7865 1131 202681
7355 1984 501755
10577 10547 102510
11317 3529 606068
3290 11195 393106
11267 3189 390854
7200 9549 647329
12213 12466 896225
5042 1430 850824
3812 12156 382102
9214 6124 966470
70 13301 17853
2845 10645 691015
6027 4233 299500
6269 11803 321108
5488 5728 721835
2290 7607 423204
2460 8569 270556
2209 11074 612865
2291 2062 446845
2684 5596 536935
2483 1507 774927
2951 2181 588199
8361 10550 349944
112 8480 396229
10955 3990 538111
1011 13002 322534
5111 13091 292199
3098 4927 598324
4271 7753 597905
6715 7686 620042
6186 8532 347773
7340 6852 2703
11940 11631 439158
11600 11052 981936
7454 4083 23595
2297 2914 603149
10211 7666 900583
3555 132 689756
3174 10285 341582
8221 13046 978312
6338 13304 734372
8944 5219 215767
3134 2972 251372
12846 12922 764406
12965 10981 935573
3731 7270 918614
519 12371 56149
12995 3904 982646
4538 943 432511
10582 9782 734868
9047 9400 642448
9455 8386 818891
2947 4703 70819
10249 8691 680600
6610 4168 215024
7901 8167 914688
12790 6352 564130
7569 9416 98650
10714 12402 946957
8517 6420 532213
7993 9573 549856
2940 7396 338903
6768 7191 128916
4691 11041 395177
13013 6395 279341
3236 3280 784068
2849 11691 653313
865 4472 2046
1576 6193 625636
5497 808 706090
11555 7421 45776
11968 12261 412697
10939 6810 580672
3642 3214 920308
5445 5378 61187
12869 9301 290033
10993 8215 661076
2252 1123 289800
9573 13105 95586
13138 1893 23614
12619 10150 896338
13276 10219 827893
7078 11775 348035
10922 10165 194197
4899 11521 91126
11404 12261 464033
5836 4570 961112
12017 9348 29956
710 768 835846
9852 3504 532436
13142 5700 648072
12580 3891 444972
3830 9847 35732
60 6460 797282
11249 11027 77691
5807 1154 880128
2791 8588 426531
11242 12930 471244
11372 2442 43722
9006 10538 817293
3743 4034 245275
2634 2743 992730
8116 5142 523623
2074 4534 511571
10003 7160 402913
11249 2838 911308
11801 10873 982728
5144 2475 400214
9302 1494 798575
8682 6959 808748
5690 3555 785233
10084 7905 718426
6509 8896 102157
3707 12454 701845
5765 12960 714161
3316 9691 885325
7363 5847 792193
6052 998 630698
6253 7160 607815
7792 6077 891082
7501 6903 754552
8152 9981 185820
6926 5497 446907
7987 11856 524497
11140 11734 794289
5570 1945 539462
4971 3841 782002
3372 10490 111498
6405 7002 568582
3783 510 169908
9786 3980 187263
1426 12616 815008
9578 9081 229165
10481 1770 666269
3456 1746 373562
7650 6071 99404
7854 10807 490672
6690 2151 68204
621 1342 80273
11789 10962 217556
10072 7986 25632
4837 9526 51643
116 7729 792117
7085 663 320339
3177 12381 86982
1747 9591 749464
11841 8319 263749
13132 2841 435252
12898 8272 21920
6569 7488 548409
11949 12706 776610
11578 6037 430257
7170 6860 747459
12602 1159 336028
12079 9861 436921
1045 2940 487369
2190 10855 767060
7176 3130 276603
4158 3737 115501
12091 1199 588798
11961 2983 151304
396 4522 905509
11468 1219 658407
8387 5188 332833
4489 6177 932533
6617 4005 137102
452 3666 395274
1137 9910 26057
2103 233 726109
2886 248 675377
9278 9729 68536
7148 4980 484091
1275 12788 250881
9128 1508 150086
8829 8430 232068
13141 2037 739226
12252 1545 325844
2576 3254 590389
6419 9241 508738
8819 1064 896423
6268 3688 730558
1347 2279 505932
5497 12828 788643
12529 5491 247242
213 10011 633353
579 2943 799997
5581 4238 182196
8410 2625 704981
4912 4 527738
4902 6642 882217
10569 10791 970434
6465 13235 233833
9821 969 612175
2079 5818 52398
9435 5324 60529
9067 6102 232819
7160 954 548987
9951 7367 273193
10889 5962 151519
9878 9295 974837
7244 2049 40859
10879 9925 419542
4962 8575 618153
11218 9604 696771
7632 2368 724718
11301 3970 552530
10063 10220 323265
7547 2515 999532
7061 7505 555765
9749 11518 478520
1394 11599 776605
6358 8865 859493
12569 1436 693326
5508 12967 858291
3512 3346 687904
1322 10563 848192
8211 2355 213855
2940 13297 847824
4084 2919 689682
7820 4482 699038
6258 7100 817194
8304 6303 423
10458 11064 113467
3957 12572 979651
11236 649 239196
579 5808 289763
7706 3253 785387
8335 11468 287663
12731 5765 902664
6645 1880 123229
7273 8909 241325
147 3591 511514
6456 536 210641
241 685 179451
12472 10627 606424
155 5295 706160
13211 2333 230435
10891 1139 244867
10725 8418 232988
7739 5404 279962
2568 13280 921447
3051 4384 496842
1713 9724 749775
6903 11024 614728
8327 8795 254059
9050 9309 455030
13015 7607 39743
12978 1691 1950
6164 1847 964101
11388 3898 223514
11315 334 520150
13270 4576 869142
4542 12432 300571
7598 1292 288035
6065 2138 272446
2693 4415 983539
4821 7773 60456
6971 2100 883919
12540 1618 139009
574 12186 979179
2241 3059 63443
5766 5805 280429
12643 2071 944733
12944 4874 550263
7476 12871 358139
9343 7758 873344
4641 12197 124254
1824 12519 109106
5214 8232 181194
7242 6720 36306
12226 11757 682211
6864 12736 376770
3215 988 636111
6582 4200 286034
11406 10982 497924
11726 7645 594994
12881 9119 450175
927 12037 951126
12381 5014 657898
8851 332 506586
12122 4586 816426
3351 2276 330573
2990 8667 957144
5492 244 426044
2169 12598 966370
10016 10288 873757
4160 7018 710399
1399 242 127115
1037 9482 683121
8680 5419 137776
11992 12934 152634
4437 4933 365704
8387 3046 536969
11698 11013 601495
6034 12633 14386
6408 11522 731117
10088 5685 541768
190 12881 641642
9926 8326 751090
12570 10995 476590
10022 10543 473774
878 3519 501700
621 4383 80688
7453 2737 274135
10885 4319 787277
10607 854 320010
4441 10171 613094
11849 11683 502339
4143 5826 512854
1244 11350 285052
5374 8264 451649
11090 3427 531356
7434 11539 574702
7203 9134 521885
1465 7508 58966
3265 10113 88289
7958 11997 51124
11592 5803 950984
8493 1391 162758
2946 12756 695169
10469 2585 36713
7708 3777 933262
10301 6563 626007
5540 1156 451973
9909 12545 89051
6186 4190 604671
8112 7632 643860
2379 3868 467741
1061 5401 111458
8459 4489 976221
8903 6136 197259
4977 11239 654091
2035 7081 500950
11155 13245 831512
8742 718 27357
589 9872 261960
1680 11746 302065
8996 10203 807273
5011 3177 568278
8644 11583 588522
4728 1149 948160
468 7632 599962
12072 7963 15736
2505 8275 989186
5471 5905 12468
252 9249 195716
6534 12120 186087
5514 10528 978982
4251 5586 332214
11906 12605 108651
11387 7675 250375
8556 10296 389521
3124 12347 842071
3215 10895 579038
7600 12095 784381
5477 4566 371153
3066 10605 688777
11909 12981 479851
8579 11256 870042
3282 6628 465757
7774 2211 681178
11775 8092 885744
1444 8472 402881
4825 4407 993366
6461 12494 634998
207 4657 504067
6567 9746 429338
9345 4419 337082
5489 7287 932498
12813 8385 744500
3977 5448 351172
10638 5935 581330
10542 10859 288433
188 6625 187039
978 9611 299152
452 10490 374406
2401 11741 872425
3804 3999 199295
6663 7715 396562
12270 9944 642440
9358 7668 135386
10989 7509 753902
3249 5145 886250
5910 8187 332164
2509 13028 287218
2235 8408 83526
11412 5806 78788
6415 6734 969720
8346 2853 673390
11049 7460 458998
10470 952 859014
7337 2043 651224
2218 16 628270
2162 8584 668426
834 453 579249
4951 3770 565518
11550 3273 27716
2240 12369 942338
6171 8305 692668
3055 3106 971190
11917 12729 746209
6018 1078 348889
2853 8243 909570
5984 7215 308551
70 8904 269200
6490 11233 459421
3483 9341 308439
10781 12965 675833
5126 7696 548914
3752 4053 145862
3750 10270 75655
12236 10139 644248
